						
F3187022	766	+6	-9		1	12
F3187022	764	-4	-6		2	12
F3187022	765	+5	-8		3	2
F3187022	769	-3	-9		4	12
F3187022	765	0	+1		5	1
F3187022	769	-5	-9		6	15
F3187022	766	-2	+8		7	2
F3187022	765	+3	+1		8	12
F3187022	766	-1	+8		9	12
F3187022	764	-6	-6		10	2
F3187022	769	-4	-9		11	12
F3187022	766	-3	+8		12	2
F3187022	769	+1	-9		13	26
F3187022	763	+4	+8		14	2
F3187022	764	+1	+9		15	15
F3187022	764	0	+9		16	12
F3187022	764	+3	+9		17	12
F3187022	763	+3	+8		18	12
F3187022	764	+2	+9		19	12
F3187022	769	-7	-5		20	12
F3187022	769	-9	-5		21	15
F3187022	765	-5	-8		22	2
F3187022	768	+3	+9		23	12
F3187022	765	-7	-8		24	12
F3187022	765	0	+3		25	15
F3187022	766	-5	-9		26	12
F3187022	765	-3	-3		27	15
F3187022	765	0	+9		28	12
F3187022	764	-5	-8		29	12
F3187022	766	+4	+3		30	2
F3187022	765	-1	+9		31	12
F3187022	765	+1	+9		32	12
F3187022	765	+2	+9		33	15
F3187022	769	-1	-9		34	12
F3187022	769	-2	-9		35	12
F3187022	765	+3	+9		36	12
F3187022	765	-5	-10		37	12
F3187022	763	+8	-4		38	12
F3187022	764	+7	+1		39	12
F3187022	763	+3	-9		40	12
F3187022	765	+3	-10		41	12
F3187022	763	+1	-9		42	12
F3187022	763	+4	-10		43	26
F3187022	765	-3	-10		44	12
F3187022	769	-8	-2		45	2
F3187022	765	+6	+7		46	12
F3187022	769	+6	+5		47	15
F3187022	765	+4	+7		48	12
F3187022	763	-1	+11		49	12
F3187022	763	+1	+10		50	12
F3187022	768	-6	-10		51	12
F3187022	764	+2	+2		52	12
F3187022	768	+3	-2		53	26
F3187022	768	+3	-2		54	0
F3187022	763	+3	+10		55	12
F3187022	764	-9	+5		56	12
F3187022	769	+2	-3		57	2
F3187022	764	-7	+5		58	12
F3187022	764	-3	+9		59	12
F3187022	768	-3	-10		60	12
F3187022	764	-5	-9		61	15
F3187022	769	-5	-7		62	12
F3187022	765	+4	+10		63	12
F3187022	765	0	+10		64	12
F3187022	764	-7	-8		65	12
F3187022	765	+2	+10		66	12
F3187022	765	+1	+10		67	12
F3187022	764	+5	+8		68	12
F3187022	765	+3	+10		69	12
F3187022	763	-9	-5		70	12
F3187022	766	+3	-4		71	27
F3187022	768	-5	-10		72	12
F3187022	764	+3	+8		73	12
F3187022	766	-11	+3		74	12
F3187022	765	+2	-11		75	12
F3187022	769	-1	+8		76	12
F3187022	765	+1	-11		77	12
F3187022	766	+2	+10		78	12
F3187022	766	-8	+3		79	23
F3187022	769	-1	-11		80	12
F3187022	766	+3	+10		81	12
F3187022	766	-5	-10		82	12
F3187022	764	+7	+3		83	12
F3187022	764	+2	-6		84	29
F3187022	768	-8	-7		85	29
F3187022	768	+4	+10		86	12
F3187022	763	-2	-11		87	12
F3187022	765	+6	-9		88	12
F3187022	768	+3	+10		89	12
F3187022	763	-3	-10		90	12
F3187022	766	+3	0		91	12
F3187022	765	-2	-11		92	12
F3187022	763	+9	-4		93	12
F3187022	763	-1	+10		94	12
F3187022	765	-1	-11		95	12
F3187022	768	+6	-5		96	11
F3187022	764	+1	-11		97	12
F3187022	764	+1	+8		98	12
F3187022	763	-2	+10		99	12
F3187022	765	0	+11		100	12
F3187022	769	-1	0		101	31
F3187022	765	-7	-1		102	12
F3187022	765	-11	-1		103	12
F3187022	763	-3	+10		104	12
F3187022	765	+1	+11		105	12
F3187022	763	+3	-4		106	11
F3187022	765	-2	+11		107	12
F3187022	764	+6	-6		108	12
F3187022	769	+5	+6		109	12
F3187022	769	-5	-8		110	12
F3187022	764	-3	-10		111	12
F3187022	764	-5	-10		112	12
F3187022	766	+9	-3		113	2
F3187022	765	-9	+1		114	2
F3187022	763	+1	-11		115	12
F3187022	763	-1	-11		116	12
F3187022	764	+8	+3		117	12
F3187022	769	-5	-6		118	12
F3187022	769	-7	-6		119	12
F3187022	763	+2	-11		120	12
F3187022	769	-6	-6		121	12
F3187022	769	-11	+1		122	12
F3187022	763	0	-11		123	12
F3187022	763	-4	-10		124	12
F3187022	769	-11	+2		125	12
F3187022	766	+1	+7		126	12
F3187022	763	0	-10		127	26
F3187022	766	+3	+7		128	12
F3187022	763	-5	-10		129	12
F3187022	763	-2	-10		130	12
F3187022	764	+4	+6		131	12
F3187022	763	-4	-11		132	12
F3187022	763	-9	-7		133	12
F3187022	763	-8	-6		134	12
F3187022	764	+2	+10		135	12
F3187022	763	-7	-6		136	12
F3187022	763	-6	-7		137	12
F3187022	768	+3	+6		138	29
F3187022	763	-7	-7		139	12
F3187022	768	-8	+8		140	31
F3187022	764	-11	-1		141	12
F3187022	764	-11	0		142	12
F3187022	764	-11	0		143	10
F3187022	764	-7	-6		144	12
F3187022	764	-9	-7		145	12
F3187022	769	-3	-10		146	12
F3187022	769	-2	-10		147	12
F3187022	769	-1	-10		148	12
F3187022	762	0	-4		149	27
F3187022	764	-2	+8		150	12
F3187022	763	+8	+1		151	2
F3187022	769	-5	-10		152	12
F3187022	769	-3	-8		153	12
F3187022	764	-9	0		154	2
F3187022	766	-9	-7		155	12
F3187022	769	+1	-8		156	12
F3187022	766	-7	-6		157	12
F3187022	769	+1	-10		158	12
F3187022	766	-7	-8		159	15
F3187022	769	-3	+9		160	12
F3187022	766	-3	+10		161	12
F3187022	769	-7	+9		162	12
F3187022	769	-5	+9		163	12
F3187022	766	+1	+10		164	12
F3187022	763	-2	+8		165	12
F3187022	769	+9	+4		166	2
F3187022	766	-9	-5		167	15
F3187022	765	+2	+5		168	29
F3187022	764	+5	+7		169	12
F3187022	764	+3	+7		170	12
F3187022	764	+2	+7		171	12
F3187022	765	-5	-9		172	12
F3187022	766	+3	+6		173	12
F3187022	764	+4	+7		174	12
F3187022	764	+6	+7		175	12
F3187022	764	+5	+3		176	12
F3187022	766	0	+6		177	2
F3187022	769	-7	-3		178	12
F3187022	766	-9	-1		179	15
F3187022	768	-3	-11		180	12
F3187022	765	+6	+6		181	12
F3187022	764	-8	-4		182	12
F3187022	764	-8	-4		183	15
F3187022	766	+1	+8		184	12
F3187022	764	-6	-7		185	12
F3187022	765	+7	+7		186	12
23027002	763	+1	+4		187	27
F3187022	763	+2	+10		188	12
F3187022	764	+1	+5		189	15
F3187022	764	-5	-7		190	12
F3187022	765	-9	-5		191	12
F3187022	764	+2	-5		192	29
F3187022	765	-5	+5		193	15
F3187022	766	-5	-7		194	12
F3187022	764	-11	+2		195	12
F3187022	764	-11	+1		196	12
F3187022	764	-7	+7		197	12
F3187022	764	+1	+7		198	12
F3187022	769	0	-10		199	26
F3187022	766	0	+10		200	12
F3187022	764	-1	+7		201	12
F3187022	766	-2	+10		202	12
F3187022	766	-1	+10		203	12
F3187022	763	+8	+5		204	12
F3187022	764	+7	+5		205	12
F3187022	769	+1	+9		206	12
F3187022	766	+5	+6		207	12
F3187022	765	+5	+6		208	12
F3187022	763	+9	+3		209	12
F3187022	764	+6	+5		210	12
F3187022	764	-5	+7		211	12
F3187022	764	+5	+4		212	12
F3187022	763	-5	+9		213	12
F3187022	766	-2	+9		214	12
F3187022	769	+5	-8		215	2
F3187022	764	+7	+4		216	12
F3187022	769	+8	-7		217	12
F3187022	766	-1	+9		218	12
F3187022	766	0	+9		219	12
F3187022	765	+6	+8		220	12
F3187022	765	+4	+9		221	12
F3187022	766	+2	+9		222	12
F3187022	764	-7	+6		223	12
F3187022	766	+1	+9		224	12
F3187022	765	+4	+2		225	15
F3187022	765	+7	+6		226	12
F3187022	764	+8	+5		227	12
F3187022	765	+7	+8		228	12
F3187022	769	+1	+10		229	12
F3187022	764	0	+10		230	12
F3187022	766	-7	-4		231	12
F3187022	766	-1	-11		232	12
F3187022	763	+3	-10		233	12
F3187022	769	0	+10		234	12
F3187022	764	-3	+3		235	12
F3187022	763	+1	-10		236	12
F3187022	768	+7	-6		237	2
F3187022	763	+2	-10		238	12
F3187022	766	+2	-6		239	29
F3187022	766	-2	-11		240	12
F3187022	765	-3	+10		241	12
F3187022	765	-2	+10		242	12
F3187022	765	-1	+10		243	12
F3187022	765	-5	+10		244	12
F3187022	764	-4	+10		245	15
F3187022	765	-4	+10		246	12
F3187022	769	-2	+9		247	12
F3187022	766	0	-1		248	2
F3187022	764	+1	+10		249	12
F3187022	769	+3	+9		250	12
F3187022	765	-7	+9		251	26
F3187022	768	-2	-11		252	12
F3187022	765	+3	-5		253	27
F3187022	764	-5	+10		254	12
F3187022	763	-3	-9		255	12
F3187022	769	-7	-4		256	12
F3187022	764	+5	+5		257	12
F3187022	765	-6	-7		258	12
F3187022	763	+1	+9		259	12
F3187022	769	-9	-6		260	12
F3187022	766	-2	+4		261	12
F3187022	764	-2	-4		262	12
F3187022	763	-1	+9		263	12
F3187022	763	+3	+9		264	12
F3187022	769	-9	-7		265	12
F3187022	763	+7	+8		266	12
F3187022	763	+5	+9		267	12
F3187022	768	+8	-7		268	18
F3187022	763	+5	+8		269	12
F3187022	769	-7	-8		270	12
F3187022	764	-2	+10		271	12
F3187022	763	+6	+8		272	12
F3187022	769	-3	+10		273	15
F3187022	765	+4	-5		274	29
F3187022	769	+2	-6		275	29
F3187022	764	-3	+10		276	12
F3187022	764	-6	+9		277	12
F3187022	764	-4	+9		278	12
F3187022	764	-5	+9		279	12
F3187022	769	+6	+7		280	29
F3187022	768	+2	-1		281	27
F3187022	769	-11	+3		282	12
F3187022	766	-6	+9		283	12
F3187022	766	-5	+10		284	12
F3187022	764	-5	+8		285	12
F3187022	766	-6	+8		286	12
F3187022	766	-4	+9		287	12
F3187022	768	+2	+4		288	27
F3187022	764	-7	+9		289	26
F3187022	764	+4	+2		290	27
F3187022	764	-6	+8		291	26
F3187022	765	-5	+9		292	12
F3187022	766	-5	+7		293	12
F3187022	766	-5	+9		294	12
F3187022	762	+2	-6		295	29
F3187022	765	+4	-7		296	2
F3187022	764	+7	+2		297	12
F3187022	764	+4	+5		298	12
F3187022	764	+3	+5		299	12
