3	K4165118 344 +3 -5	U1UUU11U1000UUUUUUU0001111111111000100011010101100001010010000100000000000010010UUUUUUUUUUUU	27
6	K4165118 363 -6 +6	U1UUU11U1000UUUUUUU0001111111111000111010110100110010110000000100000000000010010UUUUUUUUUUUU	27
7	K4165118 320 -7 -1	U1UUU11U1000UUUUUUU0001111111111000100000010101110011000010000100000000000010010UUUUUUUUUUUU	27
8	K4165118 320 -5 -2	U1UUU11U1000UUUUUUU0001111111111000100000010101010010100010000100000000000010010UUUUUUUUUUUU	27
9	K4165118 359 0 -1	U1UUU11U1000UUUUUUU0001111111111000111100110100000001000010000100000000000010010UUUUUUUUUUUU	27
10	K4165118 320 -4 -1	U1UUU11U1000UUUUUUU0001111111111000100000010100010011000010000100000000000010010UUUUUUUUUUUU	27
11	K4165118 320 -2 -1	U1UUU11U1000UUUUUUU0001111111111000100000010100100011000010000100000000000010010UUUUUUUUUUUU	27
12	K4165118 359 +8 +5	U1UUU11U1000UUUUUUU0001111111111000111100110100001001010000000100000000000010010UUUUUUUUUUUU	27
13	K4165118 320 +1 -1	U1UUU11U1000UUUUUUU0001111111111000100000010101000001000010000100000000000010010UUUUUUUUUUUU	27
14	K4165118 320 0 -1	U1UUU11U1000UUUUUUU0001111111111000100000010100000001000010000100000000000010010UUUUUUUUUUUU	27
15	K4165118 320 -1 -1	U1UUU11U1000UUUUUUU0001111111111000100000010101000011000010000100000000000010010UUUUUUUUUUUU	27
16	K4165118 363 0 +3	U1UUU11U1000UUUUUUU0001111111111000111010110100000001100000000100000000000010010UUUUUUUUUUUU	27
17	K4165118 570 -5 +5	U1UUU11U1000UUUUUUU0001111111111000101011100011010011010000000100000000000010010UUUUUUUUUUUU	27
19	K4165118 361 +6 -2	U1UUU11U1000UUUUUUU0001111111111000110010110100110000100010000100000000000010010UUUUUUUUUUUU	27
20	K4165118 359 +4 +5	U1UUU11U1000UUUUUUU0001111111111000111100110100010001010000000100000000000010010UUUUUUUUUUUU	27
21	K4165118 363 +1 +3	U1UUU11U1000UUUUUUU0001111111111000111010110101000001100000000100000000000010010UUUUUUUUUUUU	27
22	K4165118 361 +1 -1	U1UUU11U1000UUUUUUU0001111111111000110010110101000001000010000100000000000010010UUUUUUUUUUUU	27
23	K4165118 359 +10 -4	U1UUU11U1000UUUUUUU0001111111111000111100110100101000010010000100000000000010010UUUUUUUUUUUU	27
24	K4165118 361 0 -1	U1UUU11U1000UUUUUUU0001111111111000110010110100000001000010000100000000000010010UUUUUUUUUUUU	27
25	K4165118 359 -5 +4	U1UUU11U1000UUUUUUU0001111111111000111100110101010010010000000100000000000010010UUUUUUUUUUUU	27
26	K4165118 359 -5 -2	U1UUU11U1000UUUUUUU0001111111111000111100110101010010100010000100000000000010010UUUUUUUUUUUU	27
27	K4165118 359 -4 -2	U1UUU11U1000UUUUUUU0001111111111000111100110100010010100010000100000000000010010UUUUUUUUUUUU	27
28	K4165118 363 +7 -1	U1UUU11U1000UUUUUUU0001111111111000111010110101110001000010000100000000000010010UUUUUUUUUUUU	27
29	K4165118 359 -10 -3	U1UUU11U1000UUUUUUU0001111111111000111100110100101011100010000100000000000010010UUUUUUUUUUUU	27
30	K4165118 344 +4 +8	U1UUU11U1000UUUUUUU0001111111111000100011010100010000001000000100000000000010010UUUUUUUUUUUU	27
31	K4165118 570 +4 -9	U1UUU11U1000UUUUUUU0001111111111000101011100010010001001010000100000000000010010UUUUUUUUUUUU	27
32	K4165118 363 +8 -1	U1UUU11U1000UUUUUUU0001111111111000111010110100001001000010000100000000000010010UUUUUUUUUUUU	27
33	K4165118 359 -9 -3	U1UUU11U1000UUUUUUU0001111111111000111100110101001011100010000100000000000010010UUUUUUUUUUUU	27
34	K4165118 344 -7 -5	U1UUU11U1000UUUUUUU0001111111111000100011010101110011010010000100000000000010010UUUUUUUUUUUU	27
35	K4165118 570 +8 -4	U1UUU11U1000UUUUUUU0001111111111000101011100010001000010010000100000000000010010UUUUUUUUUUUU	27
36	K4165118 361 -5 +2	U1UUU11U1000UUUUUUU0001111111111000110010110101010010100000000100000000000010010UUUUUUUUUUUU	27
37	K4165118 359 -8 -3	U1UUU11U1000UUUUUUU0001111111111000111100110100001011100010000100000000000010010UUUUUUUUUUUU	27
39	K4165118 363 +10 -1	U1UUU11U1000UUUUUUU0001111111111000111010110100101001000010000100000000000010010UUUUUUUUUUUU	27
41	K4165118 344 -5 -5	U1UUU11U1000UUUUUUU0001111111111000100011010101010011010010000100000000000010010UUUUUUUUUUUU	27
42	K4165118 359 -6 -2	U1UUU11U1000UUUUUUU0001111111111000111100110100110010100010000100000000000010010UUUUUUUUUUUU	27
43	K4165118 570 0 -9	U1UUU11U1000UUUUUUU0001111111111000101011100010000001001010000100000000000010010UUUUUUUUUUUU	27
44	K4165118 570 +6 -4	U1UUU11U1000UUUUUUU0001111111111000101011100010110000010010000100000000000010010UUUUUUUUUUUU	27
45	K4165118 344 -3 -5	U1UUU11U1000UUUUUUU0001111111111000100011010101100011010010000100000000000010010UUUUUUUUUUUU	27
46	K4165118 570 +1 -9	U1UUU11U1000UUUUUUU0001111111111000101011100011000001001010000100000000000010010UUUUUUUUUUUU	27
47	K4165118 570 +5 -4	U1UUU11U1000UUUUUUU0001111111111000101011100011010000010010000100000000000010010UUUUUUUUUUUU	27
48	K4165118 361 0 +2	U1UUU11U1000UUUUUUU0001111111111000110010110100000000100000000100000000000010010UUUUUUUUUUUU	27
49	K4165118 570 +3 -9	U1UUU11U1000UUUUUUU0001111111111000101011100011100001001010000100000000000010010UUUUUUUUUUUU	27
50	K4165118 359 -8 -2	U1UUU11U1000UUUUUUU0001111111111000111100110100001010100010000100000000000010010UUUUUUUUUUUU	27
51	K4165118 361 -1 +2	U1UUU11U1000UUUUUUU0001111111111000110010110101000010100000000100000000000010010UUUUUUUUUUUU	27
52	K4165118 359 -9 -2	U1UUU11U1000UUUUUUU0001111111111000111100110101001010100010000100000000000010010UUUUUUUUUUUU	27
53	K4165118 344 +6 +3	U1UUU11U1000UUUUUUU0001111111111000100011010100110001100000000100000000000010010UUUUUUUUUUUU	27
54	K4165118 570 +6 -1	U1UUU11U1000UUUUUUU0001111111111000101011100010110001000010000100000000000010010UUUUUUUUUUUU	27
55	K4165118 570 +5 -8	U1UUU11U1000UUUUUUU0001111111111000101011100011010000001010000100000000000010010UUUUUUUUUUUU	27
56	K4165118 359 -10 -2	U1UUU11U1000UUUUUUU0001111111111000111100110100101010100010000100000000000010010UUUUUUUUUUUU	27
57	K4165118 570 +6 -8	U1UUU11U1000UUUUUUU0001111111111000101011100010110000001010000100000000000010010UUUUUUUUUUUU	27
58	K4165118 361 +8 -3	U1UUU11U1000UUUUUUU0001111111111000110010110100001001100010000100000000000010010UUUUUUUUUUUU	27
59	K4165118 344 -6 -4	U1UUU11U1000UUUUUUU0001111111111000100011010100110010010010000100000000000010010UUUUUUUUUUUU	27
60	K4165118 570 +4 -8	U1UUU11U1000UUUUUUU0001111111111000101011100010010000001010000100000000000010010UUUUUUUUUUUU	27
61	K4165118 570 0 -8	U1UUU11U1000UUUUUUU0001111111111000101011100010000000001010000100000000000010010UUUUUUUUUUUU	27
62	K4165118 344 -7 -4	U1UUU11U1000UUUUUUU0001111111111000100011010101110010010010000100000000000010010UUUUUUUUUUUU	27
63	K4165118 570 +3 -8	U1UUU11U1000UUUUUUU0001111111111000101011100011100000001010000100000000000010010UUUUUUUUUUUU	27
64	K4165118 363 +4 -9	U1UUU11U1000UUUUUUU0001111111111000111010110100010001001010000100000000000010010UUUUUUUUUUUU	27
65	K4165118 361 +10 -4	U1UUU11U1000UUUUUUU0001111111111000110010110100101000010010000100000000000010010UUUUUUUUUUUU	27
66	K4165118 344 -8 -4	U1UUU11U1000UUUUUUU0001111111111000100011010100001010010010000100000000000010010UUUUUUUUUUUU	27
67	K4165118 361 -4 +7	U1UUU11U1000UUUUUUU0001111111111000110010110100010011110000000100000000000010010UUUUUUUUUUUU	27
68	K4165118 363 +5 -9	U1UUU11U1000UUUUUUU0001111111111000111010110101010001001010000100000000000010010UUUUUUUUUUUU	27
69	K4165118 361 -5 +7	U1UUU11U1000UUUUUUU0001111111111000110010110101010011110000000100000000000010010UUUUUUUUUUUU	27
71	K4165118 364 -4 +5	U1UUU11U1000UUUUUUU0001111111111000100110110100010011010000000100000000000010010UUUUUUUUUUUU	27
72	K4165118 320 +2 0	U1UUU11U1000UUUUUUU0001111111111000100000010100100000000000000100000000000010010UUUUUUUUUUUU	27
73	K4165118 570 0 +1	U1UUU11U1000UUUUUUU0001111111111000101011100010000001000000000100000000000010010UUUUUUUUUUUU	27
74	K4165118 320 -4 -3	U1UUU11U1000UUUUUUU0001111111111000100000010100010011100010000100000000000010010UUUUUUUUUUUU	27
75	K4165118 570 +1 -7	U1UUU11U1000UUUUUUU0001111111111000101011100011000001110010000100000000000010010UUUUUUUUUUUU	27
76	K4165118 320 -10 +3	U1UUU11U1000UUUUUUU0001111111111000100000010100101011100000000100000000000010010UUUUUUUUUUUU	27
77	K4165118 320 -6 -2	U1UUU11U1000UUUUUUU0001111111111000100000010100110010100010000100000000000010010UUUUUUUUUUUU	27
78	K4165118 570 +2 -7	U1UUU11U1000UUUUUUU0001111111111000101011100010100001110010000100000000000010010UUUUUUUUUUUU	27
79	K4165118 320 +4 +3	U1UUU11U1000UUUUUUU0001111111111000100000010100010001100000000100000000000010010UUUUUUUUUUUU	27
80	K4165118 320 0 +3	U1UUU11U1000UUUUUUU0001111111111000100000010100000001100000000100000000000010010UUUUUUUUUUUU	27
81	K4165118 570 +3 -7	U1UUU11U1000UUUUUUU0001111111111000101011100011100001110010000100000000000010010UUUUUUUUUUUU	27
82	K4165118 363 -5 +6	U1UUU11U1000UUUUUUU0001111111111000111010110101010010110000000100000000000010010UUUUUUUUUUUU	27
83	K4165118 320 +1 -2	U1UUU11U1000UUUUUUU0001111111111000100000010101000000100010000100000000000010010UUUUUUUUUUUU	27
84	K4165118 363 -4 +6	U1UUU11U1000UUUUUUU0001111111111000111010110100010010110000000100000000000010010UUUUUUUUUUUU	27
85	K4165118 320 -6 -8	U1UUU11U1000UUUUUUU0001111111111000100000010100110010001010000100000000000010010UUUUUUUUUUUU	27
86	K4165118 320 -9 -1	U1UUU11U1000UUUUUUU0001111111111000100000010101001011000010000100000000000010010UUUUUUUUUUUU	27
87	K4165118 320 0 -2	U1UUU11U1000UUUUUUU0001111111111000100000010100000000100010000100000000000010010UUUUUUUUUUUU	27
88	K4165118 320 -4 -9	U1UUU11U1000UUUUUUU0001111111111000100000010100010011001010000100000000000010010UUUUUUUUUUUU	27
89	K4165118 359 +3 -8	U1UUU11U1000UUUUUUU0001111111111000111100110101100000001010000100000000000010010UUUUUUUUUUUU	27
91	K4165118 359 0 -8	U1UUU11U1000UUUUUUU0001111111111000111100110100000000001010000100000000000010010UUUUUUUUUUUU	27
92	K4165118 359 +1 -8	U1UUU11U1000UUUUUUU0001111111111000111100110101000000001010000100000000000010010UUUUUUUUUUUU	27
93	K4165118 359 +2 -8	U1UUU11U1000UUUUUUU0001111111111000111100110100100000001010000100000000000010010UUUUUUUUUUUU	27
94	K4165118 320 -3 -1	U1UUU11U1000UUUUUUU0001111111111000100000010101100011000010000100000000000010010UUUUUUUUUUUU	27
95	K4165118 320 -7 +5	U1UUU11U1000UUUUUUU0001111111111000100000010101110011010000000100000000000010010UUUUUUUUUUUU	27
97	K4165118 359 +6 -1	U1UUU11U1000UUUUUUU0001111111111000111100110100110001000010000100000000000010010UUUUUUUUUUUU	27
98	K4165118 363 -2 +6	U1UUU11U1000UUUUUUU0001111111111000111010110100100010110000000100000000000010010UUUUUUUUUUUU	27
99	K4165118 320 +8 -2	U1UUU11U1000UUUUUUU0001111111111000100000010100001000100010000100000000000010010UUUUUUUUUUUU	27
101	K4165118 250 +1 -7	U1UUU11U1000UUUUUUU0001111111111000101011111001000001110010000100000000000010010UUUUUUUUUUUU	27
103	K4165118 344 +1 -9	U1UUU11U1000UUUUUUU0001111111111000100011010101000001001010000100000000000010010UUUUUUUUUUUU	27
104	K4165118 250 0 -7	U1UUU11U1000UUUUUUU0001111111111000101011111000000001110010000100000000000010010UUUUUUUUUUUU	27
105	K4165118 320 -8 +2	U1UUU11U1000UUUUUUU0001111111111000100000010100001010100000000100000000000010010UUUUUUUUUUUU	27
106	K4165118 344 +5 -4	U1UUU11U1000UUUUUUU0001111111111000100011010101010000010010000100000000000010010UUUUUUUUUUUU	27
107	K4165118 320 -10 +2	U1UUU11U1000UUUUUUU0001111111111000100000010100101010100000000100000000000010010UUUUUUUUUUUU	27
109	K4165118 320 -9 +1	U1UUU11U1000UUUUUUU0001111111111000100000010101001011000000000100000000000010010UUUUUUUUUUUU	27
110	K4165118 320 -3 +5	U1UUU11U1000UUUUUUU0001111111111000100000010101100011010000000100000000000010010UUUUUUUUUUUU	27
111	K4165118 320 -10 +1	U1UUU11U1000UUUUUUU0001111111111000100000010100101011000000000100000000000010010UUUUUUUUUUUU	27
112	K4165118 344 +2 -4	U1UUU11U1000UUUUUUU0001111111111000100011010100100000010010000100000000000010010UUUUUUUUUUUU	27
113	K4165118 359 +5 -3	U1UUU11U1000UUUUUUU0001111111111000111100110101010001100010000100000000000010010UUUUUUUUUUUU	27
114	K4165118 320 -6 +5	U1UUU11U1000UUUUUUU0001111111111000100000010100110011010000000100000000000010010UUUUUUUUUUUU	27
115	K4165118 359 +7 -3	U1UUU11U1000UUUUUUU0001111111111000111100110101110001100010000100000000000010010UUUUUUUUUUUU	27
116	K4165118 361 +10 -2	U1UUU11U1000UUUUUUU0001111111111000110010110100101000100010000100000000000010010UUUUUUUUUUUU	27
117	K4165118 359 +6 -3	U1UUU11U1000UUUUUUU0001111111111000111100110100110001100010000100000000000010010UUUUUUUUUUUU	27
118	K4165118 361 +8 -2	U1UUU11U1000UUUUUUU0001111111111000110010110100001000100010000100000000000010010UUUUUUUUUUUU	27
119	K4165118 359 +8 -3	U1UUU11U1000UUUUUUU0001111111111000111100110100001001100010000100000000000010010UUUUUUUUUUUU	27
120	K4165118 364 -6 +2	U1UUU11U1000UUUUUUU0001111111111000100110110100110010100000000100000000000010010UUUUUUUUUUUU	27
219	K4165118 363 -7 -2	U1UUU11U1000UUUUUUU0001111111111000111010110101110010100010000100000000000010010UUUUUUUUUUUU	27
225	K4165118 361 -8 +5	U1UUU11U1000UUUUUUU0001111111111000110010110100001011010000000100000000000010010UUUUUUUUUUUU	27
228	K4165118 344 +2 0	U1UUU11U1000UUUUUUU0001111111111000100011010100100000000000000100000000000010010UUUUUUUUUUUU	27
229	K4165118 344 0 -8	U1UUU11U1000UUUUUUU0001111111111000100011010100000000001010000100000000000010010UUUUUUUUUUUU	27
231	K4165118 320 -4 -7	U1UUU11U1000UUUUUUU0001111111111000100000010100010011110010000100000000000010010UUUUUUUUUUUU	27
233	K4165118 364 +1 +3	U1UUU11U1000UUUUUUU0001111111111000100110110101000001100000000100000000000010010UUUUUUUUUUUU	27
1010	K4165118 363 0 -1	U1UUU11U1000UUUUUUU0001111111111000111010110100000001000010000100000000000010010UUUUUUUUUUUU	27
1011	K4165118 320 0 0	U1UUU11U1000UUUUUUU0001111111111000100000010100000000000000000100000000000010010UUUUUUUUUUUU	27
1013	K4165118 570 +6 -7	U1UUU11U1000UUUUUUU0001111111111000101011100010110001110010000100000000000010010UUUUUUUUUUUU	27
1014	K4165118 344 -10 -1	U1UUU11U1000UUUUUUU0001111111111000100011010100101011000010000100000000000010010UUUUUUUUUUUU	27
1015	K4165118 570 -6 +2	U1UUU11U1000UUUUUUU0001111111111000101011100010110010100000000100000000000010010UUUUUUUUUUUU	27
1016	K4165118 364 -6 +5	U1UUU11U1000UUUUUUU0001111111111000100110110100110011010000000100000000000010010UUUUUUUUUUUU	27
1017	K4165118 363 -7 -1	U1UUU11U1000UUUUUUU0001111111111000111010110101110011000010000100000000000010010UUUUUUUUUUUU	27
1018	K4165118 570 -8 +2	U1UUU11U1000UUUUUUU0001111111111000101011100010001010100000000100000000000010010UUUUUUUUUUUU	27
1020	K4165118 570 -6 +6	U1UUU11U1000UUUUUUU0001111111111000101011100010110010110000000100000000000010010UUUUUUUUUUUU	27
1021	K4165118 364 -5 +5	U1UUU11U1000UUUUUUU0001111111111000100110110101010011010000000100000000000010010UUUUUUUUUUUU	27
1022	K4165118 344 -7 -1	U1UUU11U1000UUUUUUU0001111111111000100011010101110011000010000100000000000010010UUUUUUUUUUUU	27
1024	K4165118 344 -9 -1	U1UUU11U1000UUUUUUU0001111111111000100011010101001011000010000100000000000010010UUUUUUUUUUUU	27
1025	K4165118 320 +4 0	U1UUU11U1000UUUUUUU0001111111111000100000010100010000000000000100000000000010010UUUUUUUUUUUU	27
1026	K4165118 361 -6 +7	U1UUU11U1000UUUUUUU0001111111111000110010110100110011110000000100000000000010010UUUUUUUUUUUU	27
1027	K4165118 344 -6 -1	U1UUU11U1000UUUUUUU0001111111111000100011010100110011000010000100000000000010010UUUUUUUUUUUU	27
1028	K4165118 320 +3 0	U1UUU11U1000UUUUUUU0001111111111000100000010101100000000000000100000000000010010UUUUUUUUUUUU	27
1029	K4165118 359 -9 +1	U1UUU11U1000UUUUUUU0001111111111000111100110101001011000000000100000000000010010UUUUUUUUUUUU	27
1030	K4165118 344 +6 -4	U1UUU11U1000UUUUUUU0001111111111000100011010100110000010010000100000000000010010UUUUUUUUUUUU	27
1032	K4165118 570 -2 +1	U1UUU11U1000UUUUUUU0001111111111000101011100010100011000000000100000000000010010UUUUUUUUUUUU	27
1033	K4165118 359 -8 +1	U1UUU11U1000UUUUUUU0001111111111000111100110100001011000000000100000000000010010UUUUUUUUUUUU	27
1034	K4165118 320 +1 -9	U1UUU11U1000UUUUUUU0001111111111000100000010101000001001010000100000000000010010UUUUUUUUUUUU	27
1035	K4165118 363 +4 +1	U1UUU11U1000UUUUUUU0001111111111000111010110100010001000000000100000000000010010UUUUUUUUUUUU	27
1036	K4165118 361 -2 +4	U1UUU11U1000UUUUUUU0001111111111000110010110100100010010000000100000000000010010UUUUUUUUUUUU	27
1038	K4165118 363 +2 0	U1UUU11U1000UUUUUUU0001111111111000111010110100100000000000000100000000000010010UUUUUUUUUUUU	27
1039	K4165118 320 +2 -9	U1UUU11U1000UUUUUUU0001111111111000100000010100100001001010000100000000000010010UUUUUUUUUUUU	27
1042	K4165118 320 +6 +4	U1UUU11U1000UUUUUUU0001111111111000100000010100110000010000000100000000000010010UUUUUUUUUUUU	27
1044	K4165118 320 -2 -9	U1UUU11U1000UUUUUUU0001111111111000100000010100100011001010000100000000000010010UUUUUUUUUUUU	27
1045	K4165118 320 -3 -9	U1UUU11U1000UUUUUUU0001111111111000100000010101100011001010000100000000000010010UUUUUUUUUUUU	27
1046	K4165118 361 -1 +1	U1UUU11U1000UUUUUUU0001111111111000110010110101000011000000000100000000000010010UUUUUUUUUUUU	27
1047	K4165118 363 +8 -2	U1UUU11U1000UUUUUUU0001111111111000111010110100001000100010000100000000000010010UUUUUUUUUUUU	27
1048	K4165118 363 +2 -8	U1UUU11U1000UUUUUUU0001111111111000111010110100100000001010000100000000000010010UUUUUUUUUUUU	27
1049	K4165118 361 +1 +1	U1UUU11U1000UUUUUUU0001111111111000110010110101000001000000000100000000000010010UUUUUUUUUUUU	27
1050	K4165118 344 -4 -4	U1UUU11U1000UUUUUUU0001111111111000100011010100010010010010000100000000000010010UUUUUUUUUUUU	27
1051	K4165118 359 -8 +4	U1UUU11U1000UUUUUUU0001111111111000111100110100001010010000000100000000000010010UUUUUUUUUUUU	27
1052	K4165118 344 +10 -2	U1UUU11U1000UUUUUUU0001111111111000100011010100101000100010000100000000000010010UUUUUUUUUUUU	27
1053	K4165118 344 +8 -2	U1UUU11U1000UUUUUUU0001111111111000100011010100001000100010000100000000000010010UUUUUUUUUUUU	27
1054	K4165118 344 +8 -1	U1UUU11U1000UUUUUUU0001111111111000100011010100001001000010000100000000000010010UUUUUUUUUUUU	27
1055	K4165118 359 -3 +4	U1UUU11U1000UUUUUUU0001111111111000111100110101100010010000000100000000000010010UUUUUUUUUUUU	27
1056	K4165118 344 +6 -2	U1UUU11U1000UUUUUUU0001111111111000100011010100110000100010000100000000000010010UUUUUUUUUUUU	27
1057	K4165118 363 +3 -8	U1UUU11U1000UUUUUUU0001111111111000111010110101100000001010000100000000000010010UUUUUUUUUUUU	27
1058	K4165118 361 +2 +8	U1UUU11U1000UUUUUUU0001111111111000110010110100100000001000000100000000000010010UUUUUUUUUUUU	27
1059	K4165118 568 +8 -6	U1UUU11U1000UUUUUUU0001111111111000100011100010001000110010000100000000000010010UUUUUUUUUUUU	27
1060	K4165118 344 +10 -4	U1UUU11U1000UUUUUUU0001111111111000100011010100101000010010000100000000000010010UUUUUUUUUUUU	27
1061	K4165118 344 +8 -4	U1UUU11U1000UUUUUUU0001111111111000100011010100001000010010000100000000000010010UUUUUUUUUUUU	27
1062	K4165118 361 +1 +8	U1UUU11U1000UUUUUUU0001111111111000110010110101000000001000000100000000000010010UUUUUUUUUUUU	27
1063	K4165118 359 -9 +2	U1UUU11U1000UUUUUUU0001111111111000111100110101001010100000000100000000000010010UUUUUUUUUUUU	27
1064	K4165118 320 -9 +3	U1UUU11U1000UUUUUUU0001111111111000100000010101001011100000000100000000000010010UUUUUUUUUUUU	27
1065	K4165118 361 0 +8	U1UUU11U1000UUUUUUU0001111111111000110010110100000000001000000100000000000010010UUUUUUUUUUUU	27
1066	K4165118 359 -10 +2	U1UUU11U1000UUUUUUU0001111111111000111100110100101010100000000100000000000010010UUUUUUUUUUUU	27
1067	K4165118 320 -8 +3	U1UUU11U1000UUUUUUU0001111111111000100000010100001011100000000100000000000010010UUUUUUUUUUUU	27
1068	K4165118 320 -4 +3	U1UUU11U1000UUUUUUU0001111111111000100000010100010011100000000100000000000010010UUUUUUUUUUUU	27
1069	K4165118 570 +4 -7	U1UUU11U1000UUUUUUU0001111111111000101011100010010001110010000100000000000010010UUUUUUUUUUUU	27
1070	K4165118 320 -5 +3	U1UUU11U1000UUUUUUU0001111111111000100000010101010011100000000100000000000010010UUUUUUUUUUUU	27
1072	K4165118 320 -2 0	U1UUU11U1000UUUUUUU0001111111111000100000010100100010000000000100000000000010010UUUUUUUUUUUU	27
1073	K4165118 361 -4 -8	U1UUU11U1000UUUUUUU0001111111111000110010110100010010001010000100000000000010010UUUUUUUUUUUU	27
1074	K4165118 363 +7 -2	U1UUU11U1000UUUUUUU0001111111111000111010110101110000100010000100000000000010010UUUUUUUUUUUU	27
1076	K4165118 363 -4 +7	U1UUU11U1000UUUUUUU0001111111111000111010110100010011110000000100000000000010010UUUUUUUUUUUU	27
1077	K4165118 570 -6 -3	U1UUU11U1000UUUUUUU0001111111111000101011100010110011100010000100000000000010010UUUUUUUUUUUU	27
1078	K4165118 363 +6 -2	U1UUU11U1000UUUUUUU0001111111111000111010110100110000100010000100000000000010010UUUUUUUUUUUU	27
1079	K4165118 364 0 -10	U1UUU11U1000UUUUUUU0001111111111000100110110100000000101010000100000000000010010UUUUUUUUUUUU	27
1080	K4165118 361 +5 -8	U1UUU11U1000UUUUUUU0001111111111000110010110101010000001010000100000000000010010UUUUUUUUUUUU	27
1081	K4165118 361 +6 -8	U1UUU11U1000UUUUUUU0001111111111000110010110100110000001010000100000000000010010UUUUUUUUUUUU	27
1250	K4165118 359 -1 +8	U1UUU11U1000UUUUUUU0001111111111000111100110101000010001000000100000000000010010UUUUUUUUUUUU	27
1251	K4165118 361 -5 -5	U1UUU11U1000UUUUUUU0001111111111000110010110101010011010010000100000000000010010UUUUUUUUUUUU	27
1252	K4165118 359 0 -3	U1UUU11U1000UUUUUUU0001111111111000111100110100000001100010000100000000000010010UUUUUUUUUUUU	27
1254	K4165118 361 -6 -5	U1UUU11U1000UUUUUUU0001111111111000110010110100110011010010000100000000000010010UUUUUUUUUUUU	27
1255	K4165118 320 +1 -4	U1UUU11U1000UUUUUUU0001111111111000100000010101000000010010000100000000000010010UUUUUUUUUUUU	27
1256	K4165118 361 -6 -3	U1UUU11U1000UUUUUUU0001111111111000110010110100110011100010000100000000000010010UUUUUUUUUUUU	27
1257	K4165118 320 -2 -5	U1UUU11U1000UUUUUUU0001111111111000100000010100100011010010000100000000000010010UUUUUUUUUUUU	27
1258	K4165118 320 -5 -5	U1UUU11U1000UUUUUUU0001111111111000100000010101010011010010000100000000000010010UUUUUUUUUUUU	27
1259	K4165118 364 -9 +4	U1UUU11U1000UUUUUUU0001111111111000100110110101001010010000000100000000000010010UUUUUUUUUUUU	27
1260	K4165118 570 -7 +3	U1UUU11U1000UUUUUUU0001111111111000101011100011110011100000000100000000000010010UUUUUUUUUUUU	27
1261	K4165118 320 0 -4	U1UUU11U1000UUUUUUU0001111111111000100000010100000000010010000100000000000010010UUUUUUUUUUUU	27
1262	K4165118 568 +4 -8	U1UUU11U1000UUUUUUU0001111111111000100011100010010000001010000100000000000010010UUUUUUUUUUUU	27
1263	K4165118 359 -9 0	U1UUU11U1000UUUUUUU0001111111111000111100110101001010000000000100000000000010010UUUUUUUUUUUU	27
1264	K4165118 344 -7 0	U1UUU11U1000UUUUUUU0001111111111000100011010101110010000000000100000000000010010UUUUUUUUUUUU	27
1265	K4165118 363 +10 0	U1UUU11U1000UUUUUUU0001111111111000111010110100101000000000000100000000000010010UUUUUUUUUUUU	27
1266	K4165118 359 -2 +7	U1UUU11U1000UUUUUUU0001111111111000111100110100100011110000000100000000000010010UUUUUUUUUUUU	27
1267	K4165118 568 -2 -7	U1UUU11U1000UUUUUUU0001111111111000100011100010100011110010000100000000000010010UUUUUUUUUUUU	27
1268	K4165118 363 -2 -9	U1UUU11U1000UUUUUUU0001111111111000111010110100100011001010000100000000000010010UUUUUUUUUUUU	27
1269	K4165118 320 -7 +2	U1UUU11U1000UUUUUUU0001111111111000100000010101110010100000000100000000000010010UUUUUUUUUUUU	27
1270	K4165118 363 -5 0	U1UUU11U1000UUUUUUU0001111111111000111010110101010010000000000100000000000010010UUUUUUUUUUUU	27
1271	K4165118 344 -8 -3	U1UUU11U1000UUUUUUU0001111111111000100011010100001011100010000100000000000010010UUUUUUUUUUUU	27
1272	K4165118 344 -1 0	U1UUU11U1000UUUUUUU0001111111111000100011010101000010000000000100000000000010010UUUUUUUUUUUU	27
1273	K4165118 320 -6 +6	U1UUU11U1000UUUUUUU0001111111111000100000010100110010110000000100000000000010010UUUUUUUUUUUU	27
1274	K4165118 568 -7 -2	U1UUU11U1000UUUUUUU0001111111111000100011100011110010100010000100000000000010010UUUUUUUUUUUU	27
1275	K4165118 320 +3 +1	U1UUU11U1000UUUUUUU0001111111111000100000010101100001000000000100000000000010010UUUUUUUUUUUU	27
1276	K4165118 359 -2 -9	U1UUU11U1000UUUUUUU0001111111111000111100110100100011001010000100000000000010010UUUUUUUUUUUU	27
1277	K4165118 359 -1 +1	U1UUU11U1000UUUUUUU0001111111111000111100110101000011000000000100000000000010010UUUUUUUUUUUU	27
1278	K4165118 361 -5 +3	U1UUU11U1000UUUUUUU0001111111111000110010110101010011100000000100000000000010010UUUUUUUUUUUU	27
1279	K4165118 359 -6 +1	U1UUU11U1000UUUUUUU0001111111111000111100110100110011000000000100000000000010010UUUUUUUUUUUU	27
1281	K4165118 361 -7 +2	U1UUU11U1000UUUUUUU0001111111111000110010110101110010100000000100000000000010010UUUUUUUUUUUU	27
1282	K4165118 359 -6 +2	U1UUU11U1000UUUUUUU0001111111111000111100110100110010100000000100000000000010010UUUUUUUUUUUU	27
1283	K4165118 359 +5 +6	U1UUU11U1000UUUUUUU0001111111111000111100110101010000110000000100000000000010010UUUUUUUUUUUU	27
1284	K4165118 320 +4 -1	U1UUU11U1000UUUUUUU0001111111111000100000010100010001000010000100000000000010010UUUUUUUUUUUU	27
1285	K4165118 359 -3 -6	U1UUU11U1000UUUUUUU0001111111111000111100110101100010110010000100000000000010010UUUUUUUUUUUU	27
1286	K4165118 364 -1 -7	U1UUU11U1000UUUUUUU0001111111111000100110110101000011110010000100000000000010010UUUUUUUUUUUU	27
1287	K4165118 344 +2 -1	U1UUU11U1000UUUUUUU0001111111111000100011010100100001000010000100000000000010010UUUUUUUUUUUU	27
1288	K4165118 320 +10 -1	U1UUU11U1000UUUUUUU0001111111111000100000010100101001000010000100000000000010010UUUUUUUUUUUU	27
1289	K4165118 570 -6 +1	U1UUU11U1000UUUUUUU0001111111111000101011100010110011000000000100000000000010010UUUUUUUUUUUU	27
1290	K4165118 359 +10 -1	U1UUU11U1000UUUUUUU0001111111111000111100110100101001000010000100000000000010010UUUUUUUUUUUU	27
1291	K4165118 364 -3 -7	U1UUU11U1000UUUUUUU0001111111111000100110110101100011110010000100000000000010010UUUUUUUUUUUU	27
1292	K4165118 364 +3 -7	U1UUU11U1000UUUUUUU0001111111111000100110110101100001110010000100000000000010010UUUUUUUUUUUU	27
1293	K4165118 361 -4 +8	U1UUU11U1000UUUUUUU0001111111111000110010110100010010001000000100000000000010010UUUUUUUUUUUU	27
1294	K4165118 568 +5 -5	U1UUU11U1000UUUUUUU0001111111111000100011100011010001010010000100000000000010010UUUUUUUUUUUU	27
1295	K4165118 361 -8 -5	U1UUU11U1000UUUUUUU0001111111111000110010110100001011010010000100000000000010010UUUUUUUUUUUU	27
1296	K4165118 570 -4 -8	U1UUU11U1000UUUUUUU0001111111111000101011100010010010001010000100000000000010010UUUUUUUUUUUU	27
1297	K4165118 361 -3 +8	U1UUU11U1000UUUUUUU0001111111111000110010110101100010001000000100000000000010010UUUUUUUUUUUU	27
1298	K4165118 363 +10 -2	U1UUU11U1000UUUUUUU0001111111111000111010110100101000100010000100000000000010010UUUUUUUUUUUU	27
1299	K4165118 570 +4 -4	U1UUU11U1000UUUUUUU0001111111111000101011100010010000010010000100000000000010010UUUUUUUUUUUU	27
1300	K4165118 361 -6 +4	U1UUU11U1000UUUUUUU0001111111111000110010110100110010010000000100000000000010010UUUUUUUUUUUU	27
1302	K4165118 320 -6 +3	U1UUU11U1000UUUUUUU0001111111111000100000010100110011100000000100000000000010010UUUUUUUUUUUU	27
1303	K4165118 359 +2 +11	U1UUU11U1000UUUUUUU0001111111111000111100110100100001101000000100000000000010010UUUUUUUUUUUU	27
1304	K4165118 359 -6 +4	U1UUU11U1000UUUUUUU0001111111111000111100110100110010010000000100000000000010010UUUUUUUUUUUU	27
1305	K4165118 363 -6 +8	U1UUU11U1000UUUUUUU0001111111111000111010110100110010001000000100000000000010010UUUUUUUUUUUU	27
1306	K4165118 361 +2 -8	U1UUU11U1000UUUUUUU0001111111111000110010110100100000001010000100000000000010010UUUUUUUUUUUU	27
1308	K4165118 344 -4 -5	U1UUU11U1000UUUUUUU0001111111111000100011010100010011010010000100000000000010010UUUUUUUUUUUU	27
1309	K4165118 359 -7 +4	U1UUU11U1000UUUUUUU0001111111111000111100110101110010010000000100000000000010010UUUUUUUUUUUU	27
1310	K4165118 359 +1 -1	U1UUU11U1000UUUUUUU0001111111111000111100110101000001000010000100000000000010010UUUUUUUUUUUU	27
1311	K4165118 320 -8 -2	U1UUU11U1000UUUUUUU0001111111111000100000010100001010100010000100000000000010010UUUUUUUUUUUU	27
1312	K4165118 344 +5 -5	U1UUU11U1000UUUUUUU0001111111111000100011010101010001010010000100000000000010010UUUUUUUUUUUU	27
1313	K4165118 568 -6 -6	U1UUU11U1000UUUUUUU0001111111111000100011100010110010110010000100000000000010010UUUUUUUUUUUU	27
1315	K4165118 320 -9 +2	U1UUU11U1000UUUUUUU0001111111111000100000010101001010100000000100000000000010010UUUUUUUUUUUU	27
1316	K4165118 361 -9 0	U1UUU11U1000UUUUUUU0001111111111000110010110101001010000000000100000000000010010UUUUUUUUUUUU	27
1318	K4165118 363 -9 +4	U1UUU11U1000UUUUUUU0001111111111000111010110101001010010000000100000000000010010UUUUUUUUUUUU	27
1319	K4165118 361 -7 -4	U1UUU11U1000UUUUUUU0001111111111000110010110101110010010010000100000000000010010UUUUUUUUUUUU	27
1320	K4165118 359 -8 -1	U1UUU11U1000UUUUUUU0001111111111000111100110100001011000010000100000000000010010UUUUUUUUUUUU	27
1321	K4165118 359 -10 0	U1UUU11U1000UUUUUUU0001111111111000111100110100101010000000000100000000000010010UUUUUUUUUUUU	27
1322	K4165118 364 -7 -1	U1UUU11U1000UUUUUUU0001111111111000100110110101110011000010000100000000000010010UUUUUUUUUUUU	27
1324	K4165118 361 -6 -9	U1UUU11U1000UUUUUUU0001111111111000110010110100110011001010000100000000000010010UUUUUUUUUUUU	27
1325	K4165118 364 -6 -1	U1UUU11U1000UUUUUUU0001111111111000100110110100110011000010000100000000000010010UUUUUUUUUUUU	27
1326	K4165118 359 +8 +4	U1UUU11U1000UUUUUUU0001111111111000111100110100001000010000000100000000000010010UUUUUUUUUUUU	27
1327	K4165118 320 +6 +7	U1UUU11U1000UUUUUUU0001111111111000100000010100110001110000000100000000000010010UUUUUUUUUUUU	27
1328	K4165118 361 -4 -9	U1UUU11U1000UUUUUUU0001111111111000110010110100010011001010000100000000000010010UUUUUUUUUUUU	27
1330	K4165118 364 -10 -1	U1UUU11U1000UUUUUUU0001111111111000100110110100101011000010000100000000000010010UUUUUUUUUUUU	27
1332	K4165118 320 -2 -8	U1UUU11U1000UUUUUUU0001111111111000100000010100100010001010000100000000000010010UUUUUUUUUUUU	27
1333	K4165118 364 +4 -10	U1UUU11U1000UUUUUUU0001111111111000100110110100010000101010000100000000000010010UUUUUUUUUUUU	27
1334	K4165118 359 +8 -8	U1UUU11U1000UUUUUUU0001111111111000111100110100001000001010000100000000000010010UUUUUUUUUUUU	27
1335	K4165118 361 +3 -8	U1UUU11U1000UUUUUUU0001111111111000110010110101100000001010000100000000000010010UUUUUUUUUUUU	27
1337	K4165118 364 -1 +2	U1UUU11U1000UUUUUUU0001111111111000100110110101000010100000000100000000000010010UUUUUUUUUUUU	27
1339	K4165118 361 +4 -8	U1UUU11U1000UUUUUUU0001111111111000110010110100010000001010000100000000000010010UUUUUUUUUUUU	27
1340	K4165118 344 -1 -9	U1UUU11U1000UUUUUUU0001111111111000100011010101000011001010000100000000000010010UUUUUUUUUUUU	27
1342	K4165118 364 +8 -4	U1UUU11U1000UUUUUUU0001111111111000100110110100001000010010000100000000000010010UUUUUUUUUUUU	27
1344	K4165118 364 +7 -4	U1UUU11U1000UUUUUUU0001111111111000100110110101110000010010000100000000000010010UUUUUUUUUUUU	27
1345	K4165118 361 -4 +4	U1UUU11U1000UUUUUUU0001111111111000110010110100010010010000000100000000000010010UUUUUUUUUUUU	27
1688	K4165118 364 -9 -1	U1UUU11U1000UUUUUUU0001111111111000100110110101001011000010000100000000000010010UUUUUUUUUUUU	27
1689	K4165118 344 +6 -8	U1UUU11U1000UUUUUUU0001111111111000100011010100110000001010000100000000000010010UUUUUUUUUUUU	27
